controversiality_level=0.29
condition=<function no_observer at 0x2a9b199488>
data: (23.026959971838004, 100, 2.8114062999298386, 0.95999999999999996, 1)