controversiality_level=0.21
condition=<function no_observer at 0x2a9b199488>
data: (268.15935844789243, 1544, 9.3361196464295979, 0.93717616580310881, 1)