controversiality_level=0.23
condition=<function no_observer at 0x2a9b199488>
data: (195.4410404830852, 1049, 8.0724518561829708, 0.94184938036224974, 1)