controversiality_level=0.19
condition=<function no_observer at 0x2a9b199488>
data: (582.20291339948676, 3644, 13.724056693898589, 0.93358946212952798, 1)