controversiality_level=0.27
condition=<function no_observer at 0x2a9b199488>
data: (38.865017281176002, 180, 3.6122653327655359, 0.94999999999999996, 1)