controversiality_level=0.25
condition=<function no_observer at 0x2a9b199488>
data: (81.613083945777021, 376, 5.4205313517934313, 0.9521276595744681, 1)