controversiality_level=0.0
condition=<function no_observer at 0x2a9b199488>
data: (6223.0062560080751, 49438, 40.827318707272532, 0.93225858651239935, 1)