controversiality_level=0.15
condition=<function no_observer at 0x2a9b199488>
data: (2283.3729755373947, 16771, 25.881218828218397, 0.92612247331703534, 1)