controversiality_level=0.09
condition=<function no_observer at 0x2a9b199488>
data: (5342.9885975079669, 42005, 38.043543836795308, 0.93067491965242233, 1)