controversiality_level=0.16
condition=<function no_observer at 0x2a9b199488>
data: (1858.2454182846716, 13218, 23.725864310550421, 0.92570736873959747, 1)