controversiality_level=0.04
condition=<function no_observer at 0x2a9b199488>
data: (5944.2644245690944, 46805, 40.026612738340148, 0.9321867321867322, 1)