controversiality_level=0.12
condition=<function no_observer at 0x2a9b199488>
data: (4232.1110274012071, 32624, 34.191138305453606, 0.9280897498773909, 1)