controversiality_level=0.05
condition=<function no_observer at 0x2a9b199488>
data: (5874.4134783026757, 46316, 39.769357397661018, 0.93183780982813713, 1)