controversiality_level=0.28
condition=<function no_observer at 0x2a9b199488>
data: (26.91878794105499, 118, 3.1070064967761803, 0.96610169491525422, 1)