controversiality_level=0.2
condition=<function no_observer at 0x2a9b199488>
data: (402.21059486480652, 2423, 11.29334498436538, 0.93520429219975232, 1)