controversiality_level=0.14
condition=<function no_observer at 0x2a9b199488>
data: (3012.3174215623135, 22635, 29.188790978699629, 0.92767837419924892, 1)