controversiality_level=0.02
condition=<function no_observer at 0x2a9b199488>
data: (5953.5952437931492, 46926, 40.047838612702193, 0.93223372970208418, 1)