controversiality_level=0.26
condition=<function no_observer at 0x2a9b199488>
data: (55.769832824248013, 250, 4.3807823191669142, 0.95599999999999996, 1)