controversiality_level=0.08
condition=<function no_observer at 0x2a9b199488>
data: (5555.7794000929571, 43725, 38.756838564558933, 0.93102344196683817, 1)