controversiality_level=0.11
condition=<function no_observer at 0x2a9b199488>
data: (4614.1231665006962, 35706, 35.599556506006444, 0.92947963927631205, 1)