controversiality_level=0.24
condition=<function no_observer at 0x2a9b199488>
data: (126.86759707494997, 631, 6.6510056598080638, 0.94928684627575277, 1)