controversiality_level=0.03
condition=<function no_observer at 0x2a9b199488>
data: (5950.7363993468462, 46882, 40.037716627449662, 0.93223411970479075, 1)