controversiality_level=0.22
condition=<function no_observer at 0x2a9b199488>
data: (214.39065073944209, 1189, 8.4020804395425337, 0.93692178301093354, 1)