controversiality_level=0.17
condition=<function no_observer at 0x2a9b199488>
data: (1312.9978613649578, 9075, 20.154976782017755, 0.92462809917355371, 1)