controversiality_level=0.07
condition=<function no_observer at 0x2a9b199488>
data: (5704.2845678427557, 44858, 39.247627434951767, 0.93131659904587816, 1)