controversiality_level=0.1
condition=<function no_observer at 0x2a9b199488>
data: (4831.6887002721651, 37717, 36.315077151539008, 0.93024365670652487, 1)