controversiality_level=0.13
condition=<function no_observer at 0x2a9b199488>
data: (3759.1224220360887, 28764, 32.368412420422928, 0.92699207342511469, 1)