controversiality_level=0.06
condition=<function no_observer at 0x2a9b199488>
data: (5811.3907303269161, 45706, 39.593107961085643, 0.93167199054828687, 1)