controversiality_level=0.18
condition=<function no_observer at 0x2a9b199488>
data: (836.28881316492277, 5557, 16.130555500524213, 0.9296382940435487, 1)