controversiality_level=0.24
round_weight=True
data: (103.80000000000062, 531, 0.24594642137, 0.73634651600753298, 0.97431192660550459)