controversiality_level=0.14
round_weight=True
data: (2450.000000000025, 21665, 0.164586916214, 0.51193168705285019, 0.98236147637616755)