controversiality_level=0.02
round_weight=True
data: (4748.3999999982252, 44564, 0.157543752997, 0.490732429763935, 0.98355735063673888)