controversiality_level=0.0
round_weight=True
data: (4866.599999998125, 46220, 0.156472915415, 0.48541756815231502, 0.98363446764136286)