controversiality_level=0.05
round_weight=True
data: (4681.5999999982896, 43963, 0.157349934503, 0.49091281304733525, 0.98353430725519586)