controversiality_level=0.26
round_weight=True
data: (53.400000000000034, 241, 0.276612586159, 0.75518672199170123, 0.98770491803278693)