controversiality_level=0.09
round_weight=True
data: (4296.5999999986307, 40102, 0.158073661404, 0.49301780459827438, 0.98347066902099278)