controversiality_level=0.28
round_weight=True
data: (25.39999999999997, 112, 0.287228132327, 0.7321428571428571, 1.0)