controversiality_level=0.29
round_weight=True
data: (22.999999999999982, 100, 0.290516780927, 0.72999999999999998, 1.0)