controversiality_level=0.25
round_weight=True
data: (68.000000000000114, 320, 0.266926956301, 0.74687499999999996, 0.98159509202453987)