controversiality_level=0.06
round_weight=True
data: (4632.1999999983327, 43357, 0.157625553062, 0.49246949742832763, 0.98339721926104018)