controversiality_level=0.08
round_weight=True
data: (4422.3999999985181, 41412, 0.157714772865, 0.49174152419588524, 0.98347107438016534)