indegree=10
controversiality_level=0.0
round_weight=True
data: (4299.9999999986194, 40726, 0.156760907827, 0.48649511368658843, 0.9842904098994586)