controversiality_level=0.03
round_weight=True
data: (4747.399999998227, 44521, 0.157605564423, 0.49109409042923563, 0.98356345962664316)