controversiality_level=0.27
round_weight=True
data: (37.799999999999955, 174, 0.273336136795, 0.74137931034482762, 1.0)