controversiality_level=0.17
round_weight=True
data: (1055.200000000071, 8585, 0.175413647083, 0.5408270238788585, 0.97812464395579357)