controversiality_level=0.21
round_weight=True
data: (220.19999999999831, 1389, 0.210932312851, 0.64434845212383007, 0.97679324894514763)