controversiality_level=0.19
round_weight=True
data: (473.79999999998449, 3421, 0.189554779215, 0.59514761765565627, 0.97575584711922414)