controversiality_level=0.23
round_weight=True
data: (166.20000000000007, 943, 0.228137370014, 0.68822905620360553, 0.97923156801661471)