controversiality_level=0.1
round_weight=True
data: (3947.399999998926, 36457, 0.159300801023, 0.49677702498834242, 0.98341066033664226)