controversiality_level=0.2
round_weight=True
data: (331.79999999999262, 2234, 0.198787731564, 0.62757385854968661, 0.97768052516411375)