controversiality_level=0.15
round_weight=True
data: (1826.4000000002484, 15892, 0.167313954065, 0.51485023911401961, 0.98038247995064776)