controversiality_level=0.07
round_weight=True
data: (4545.399999998408, 42523, 0.157691289589, 0.49258048585471392, 0.98339538863578546)