controversiality_level=0.22
round_weight=True
data: (181.9999999999996, 1073, 0.221996364461, 0.67101584342963649, 0.9799086757990868)