controversiality_level=0.04
round_weight=True
data: (4741.5999999982341, 44444, 0.157659279982, 0.49129241292412923, 0.98353545188988223)