indegree=10
controversiality_level=0.2
round_weight=True
data: (297.19999999999442, 1970, 0.200202942721, 0.63807106598984775, 0.98009950248756217)