controversiality_level=0.11
round_weight=True
data: (3786.7999999990525, 34537, 0.160521488517, 0.50224397023482059, 0.98325978647686829)