controversiality_level=0.18
round_weight=True
data: (671.40000000000566, 5194, 0.181318492828, 0.56257219869079711, 0.97797025042364905)