controversiality_level=0.16
round_weight=True
data: (1481.4000000001708, 12463, 0.171002209332, 0.52932680734975524, 0.97848786998508286)