controversiality_level=0.13
round_weight=True
data: (3072.3999999995904, 27695, 0.162166234788, 0.50550640909911537, 0.98268459709754108)