controversiality_level=0.12
round_weight=True
data: (3468.7999999992971, 31503, 0.161146890995, 0.50325365838174141, 0.98314764535155885)