controversiality_level=0.15
condition=<function no_observer at 0x2a9b199488>
data: (2416.4366459922512, 16771, 24.629986388800639, 0.98807465267425909, 1)