controversiality_level=0.24
condition=<function no_observer at 0x2a9b199488>
data: (160.75307413628059, 631, 7.1674271177488915, 0.98732171156893822, 1)