controversiality_level=0.16
condition=<function no_observer at 0x2a9b199488>
data: (1991.5711915157851, 13218, 22.687792638056738, 0.98797094870630953, 1)