controversiality_level=0.1
condition=<function no_observer at 0x2a9b199488>
data: (4349.3186807548882, 37717, 31.563119080810939, 0.98075138531696582, 1)