controversiality_level=0.26
condition=<function no_observer at 0x2a9b199488>
data: (70.304036955968954, 250, 4.7154236544527963, 0.996, 1)