controversiality_level=0.2
condition=<function no_observer at 0x2a9b199488>
data: (490.2552695581939, 2423, 11.986204799348801, 0.99380932728023108, 1)