controversiality_level=0.19
condition=<function no_observer at 0x2a9b199488>
data: (686.26556425699926, 3644, 13.985765679333296, 0.99341383095499447, 1)