controversiality_level=0.25
condition=<function no_observer at 0x2a9b199488>
data: (104.61070362262707, 376, 5.8077473503989605, 0.99734042553191493, 1)