controversiality_level=0.13
condition=<function no_observer at 0x2a9b199488>
data: (3606.73286726998, 28764, 29.341357565935105, 0.98790154359616189, 1)