controversiality_level=0.14
condition=<function no_observer at 0x2a9b199488>
data: (3021.9850757398935, 22635, 27.221359724952549, 0.98802739120830574, 1)