controversiality_level=0.11
condition=<function no_observer at 0x2a9b199488>
data: (4204.0566937352241, 35706, 31.167784970715505, 0.98381224444071025, 1)