controversiality_level=0.04
condition=<function no_observer at 0x2a9b199488>
data: (5000.225623493473, 46805, 32.873899676780034, 0.97869885695972647, 1)