controversiality_level=0.21
condition=<function no_observer at 0x2a9b199488>
data: (339.59961977708639, 1544, 10.143312426575861, 0.99028497409326421, 1)