controversiality_level=0.12
condition=<function no_observer at 0x2a9b199488>
data: (3961.1241889964881, 32624, 30.438943279226944, 0.98568538499264347, 1)