controversiality_level=0.29
condition=<function no_observer at 0x2a9b199488>
data: (29.323404255344997, 100, 2.9847791786243323, 1.0, 1)