controversiality_level=0.18
condition=<function no_observer at 0x2a9b199488>
data: (986.39783177701395, 5557, 16.477419498913381, 0.99478135684721969, 1)