controversiality_level=0.22
condition=<function no_observer at 0x2a9b199488>
data: (272.49293868041281, 1189, 9.1315200409683772, 0.99074852817493697, 1)