controversiality_level=0.17
condition=<function no_observer at 0x2a9b199488>
data: (1457.8419890489499, 9075, 19.695695552147356, 0.99206611570247938, 1)