controversiality_level=0.07
condition=<function no_observer at 0x2a9b199488>
data: (4930.3345160825083, 44858, 32.750713217937552, 0.97810869855990012, 1)