controversiality_level=0.28
condition=<function no_observer at 0x2a9b199488>
data: (35.563404255344999, 118, 3.3721368218311278, 1.0, 1)