controversiality_level=0.27
condition=<function no_observer at 0x2a9b199488>
data: (52.614686306621003, 180, 4.1137065709881089, 0.99444444444444446, 1)