controversiality_level=0.0
condition=<function no_observer at 0x2a9b199488>
data: (5001.825623493477, 49438, 32.876421456471355, 0.9290222096363121, 1)