controversiality_level=0.23
condition=<function no_observer at 0x2a9b199488>
data: (244.64139466885834, 1049, 8.6665290094869736, 0.98951382268827459, 1)