controversiality_level=0.06
condition=<function no_observer at 0x2a9b199488>
data: (4971.9206571634568, 45706, 32.822749303474673, 0.97818667133417936, 1)