controversiality_level=0.05
condition=<function no_observer at 0x2a9b199488>
data: (4990.2688053116472, 46316, 32.856740566748442, 0.97847396148199328, 1)