controversiality_level=0.01
condition=<function no_observer at 0x2a9b199488>
data: (5001.825623493477, 46926, 32.876421456471355, 0.97875378255125089, 1)