controversiality_level=0.03
condition=<function no_observer at 0x2a9b199488>
data: (5001.4256234934646, 46882, 32.875798964450603, 0.97873384241286632, 1)