controversiality_level=0.08
condition=<function no_observer at 0x2a9b199488>
data: (4862.0949952040601, 43725, 32.624395493494774, 0.97902801600914813, 1)