controversiality_level=0.09
condition=<function no_observer at 0x2a9b199488>
data: (4734.799739390055, 42005, 32.368216587294249, 0.98035948101416504, 1)