controversiality_level=0.1
round_weight=True
data: (3641.7999999994026, 37072, 0.169620282213, 0.3952578765645231, 1.0)