controversiality_level=0.28
round_weight=True
data: (31.199999999999942, 112, 0.302371578407, 0.9464285714285714, 1.0)