controversiality_level=0.05
round_weight=True
data: (4037.9999999990869, 44699, 0.160403973339, 0.37101501152151056, 1.0)