controversiality_level=0.26
round_weight=True
data: (65.20000000000006, 244, 0.293648613477, 0.92622950819672134, 1.0)