controversiality_level=0.19
round_weight=True
data: (656.39999999999861, 3506, 0.23566729911, 0.73103251568739303, 1.0)