controversiality_level=0.06
round_weight=True
data: (4028.3999999990942, 44089, 0.161363691179, 0.37510490144934111, 1.0)