controversiality_level=0.2
round_weight=True
data: (469.79999999998648, 2285, 0.247065933492, 0.80000000000000004, 1.0)