controversiality_level=0.04
round_weight=True
data: (4042.9999999990823, 45188, 0.159608598897, 0.36753120297424097, 1.0)