controversiality_level=0.24
round_weight=True
data: (136.60000000000088, 545, 0.275347986667, 0.93211009174311932, 1.0)