controversiality_level=0.18
round_weight=True
data: (913.80000000002917, 5311, 0.224820269645, 0.67802673696102433, 1.0)