controversiality_level=0.09
round_weight=True
data: (3913.3999999991929, 40776, 0.166054398239, 0.39167647635864233, 1.0)