controversiality_level=0.02
round_weight=True
data: (4043.7999999990816, 45309, 0.159406411772, 0.36663797479529453, 1.0)