controversiality_level=0.13
round_weight=True
data: (3072.1999999997156, 28183, 0.180428314718, 0.43199801298655216, 1.0)