controversiality_level=0.03
round_weight=True
data: (4043.5999999990818, 45265, 0.159481098254, 0.36697227438418206, 1.0)