indegree=10
controversiality_level=0.0
round_weight=True
data: (3555.3999999994276, 41376, 0.157590249619, 0.35000966744006184, 1.0)