controversiality_level=0.25
round_weight=True
data: (84.400000000000333, 326, 0.28757501022, 0.90797546012269936, 1.0)