controversiality_level=0.11
round_weight=True
data: (3535.7999999994831, 35125, 0.172120953913, 0.40364412811387901, 1.0)