controversiality_level=0.17
round_weight=True
data: (1320.8000000001025, 8777, 0.212302492173, 0.58972314002506554, 1.0)