controversiality_level=0.0001
data: (4747.8922901600881, 45309, 31.983175768331296, 0.98013639674236908, 1)