controversiality_level=0.21
round_weight=True
data: (313.39999999999463, 1422, 0.255845857251, 0.84739803094233479, 1.0)