controversiality_level=0.14
round_weight=True
data: (2613.1999999999707, 22054, 0.188169168046, 0.46857712886551195, 1.0)