indegree=10
controversiality_level=0.2
round_weight=True
data: (405.79999999998927, 2010, 0.242663495688, 0.79651741293532341, 1.0)