controversiality_level=0.16
round_weight=True
data: (1773.6000000001927, 12737, 0.204018666392, 0.54808824683991519, 1.0)