controversiality_level=0.08
round_weight=True
data: (3969.1999999991467, 42108, 0.164250559859, 0.38576992495487794, 1.0)