controversiality_level=0.23
round_weight=True
data: (222.79999999999882, 963, 0.260361598539, 0.88888888888888884, 1.0)