controversiality_level=0.27
round_weight=True
data: (48.199999999999967, 174, 0.299808367914, 0.95402298850574707, 1.0)