controversiality_level=0.22
round_weight=True
data: (251.19999999999791, 1095, 0.26136277907, 0.87488584474885844, 1.0)