controversiality_level=0.29
round_weight=True
data: (27.99999999999995, 100, 0.304630924235, 0.93999999999999995, 1.0)