controversiality_level=0.15
round_weight=True
data: (2138.6000000001968, 16210, 0.19753571273, 0.52393584207279453, 1.0)