controversiality_level=0.07
round_weight=True
data: (4006.9999999991132, 43241, 0.162634243284, 0.37998658680419045, 1.0)