controversiality_level=0.0
round_weight=True
data: (4043.7999999990816, 46989, 0.156530842651, 0.35352954946902465, 1.0)