controversiality_level=0.12
round_weight=True
data: (3357.5999999996056, 32043, 0.176049290491, 0.41850014043628875, 1.0)