controversiality_level=0.29
condition=<function no_observer at 0x2a9b199488>
data: (28.274961907770994, 100, 2.8976151171770601, 1.0, 1)