controversiality_level=0.17
condition=<function no_observer at 0x2a9b199488>
data: (1646.1198025788501, 9075, 24.255069351664265, 0.93763085399449031, 1)