controversiality_level=0.12
condition=<function no_observer at 0x2a9b199488>
data: (4555.5840595087575, 32624, 38.67913859876564, 0.92054928886709175, 1)