controversiality_level=0.0
condition=<function no_observer at 0x2a9b199488>
data: (5885.5293543596399, 49438, 43.761300594721469, 0.84198389902504145, 1)