controversiality_level=0.21
condition=<function no_observer at 0x2a9b199488>
data: (372.15150225659573, 1544, 11.806163859894019, 0.95919689119170981, 1)