controversiality_level=0.11
condition=<function no_observer at 0x2a9b199488>
data: (4847.8630381396288, 35706, 39.805879619043168, 0.91609253346776454, 1)