controversiality_level=0.09
condition=<function no_observer at 0x2a9b199488>
data: (5478.5523124400288, 42005, 41.98375925607985, 0.90698726342102132, 1)