controversiality_level=0.05
condition=<function no_observer at 0x2a9b199488>
data: (5805.4233381618005, 46316, 43.107763138239932, 0.89051299766819236, 1)