controversiality_level=0.04
condition=<function no_observer at 0x2a9b199488>
data: (5822.904594280013, 46805, 43.21329978088356, 0.88554641598119854, 1)