controversiality_level=0.1
condition=<function no_observer at 0x2a9b199488>
data: (5024.7862275149737, 37717, 40.459631254210272, 0.91080944931993535, 1)