controversiality_level=0.07
condition=<function no_observer at 0x2a9b199488>
data: (5727.7453158497938, 44858, 42.841034430663733, 0.89890320567122917, 1)