controversiality_level=0.24
condition=<function no_observer at 0x2a9b199488>
data: (169.85249375587904, 631, 8.2683059126208196, 0.95245641838351824, 1)