controversiality_level=0.14
condition=<function no_observer at 0x2a9b199488>
data: (3455.8596593034281, 22635, 33.97936605289641, 0.93554230174508501, 1)