controversiality_level=0.08
condition=<function no_observer at 0x2a9b199488>
data: (5639.4449481290339, 43725, 42.548055775294266, 0.90197827329902802, 1)