controversiality_level=0.28
condition=<function no_observer at 0x2a9b199488>
data: (35.017235963287987, 118, 3.463709236325851, 0.98305084745762716, 1)