controversiality_level=0.16
condition=<function no_observer at 0x2a9b199488>
data: (2282.5406746665371, 13218, 28.285594774213976, 0.93977908912089569, 1)