controversiality_level=0.18
condition=<function no_observer at 0x2a9b199488>
data: (1097.9445388791316, 5557, 19.86763047996503, 0.94223501889508732, 1)