controversiality_level=0.13
condition=<function no_observer at 0x2a9b199488>
data: (4152.1216381053746, 28764, 37.104940326958278, 0.92375886524822692, 1)