controversiality_level=0.03
condition=<function no_observer at 0x2a9b199488>
data: (5824.6054494463151, 46882, 43.215376825563979, 0.88528646388805943, 1)