controversiality_level=0.23
condition=<function no_observer at 0x2a9b199488>
data: (266.17517832420589, 1049, 10.028889197394696, 0.96758817921830309, 1)