controversiality_level=0.22
condition=<function no_observer at 0x2a9b199488>
data: (295.77311786192286, 1189, 10.577052318022426, 0.95542472666105971, 1)