controversiality_level=0.2
condition=<function no_observer at 0x2a9b199488>
data: (538.94349657814848, 2423, 14.059621097286939, 0.95460173338836152, 1)