controversiality_level=0.19
condition=<function no_observer at 0x2a9b199488>
data: (763.24582955530127, 3644, 16.899301372232653, 0.93990120746432493, 1)