controversiality_level=0.02
condition=<function no_observer at 0x2a9b199488>
data: (5825.9293543596204, 46926, 43.223274167299799, 0.88539402463453099, 1)