controversiality_level=0.26
condition=<function no_observer at 0x2a9b199488>
data: (71.242385383757991, 250, 5.2162609307309351, 0.93600000000000005, 1)