controversiality_level=0.27
condition=<function no_observer at 0x2a9b199488>
data: (52.953989734006015, 180, 4.4379546386609947, 0.94999999999999996, 1)