controversiality_level=0.25
condition=<function no_observer at 0x2a9b199488>
data: (111.46324061854193, 376, 6.778787301743475, 0.93351063829787229, 1)