controversiality_level=0.15
condition=<function no_observer at 0x2a9b199488>
data: (2749.2225210995707, 16771, 30.658937024037058, 0.93906147516546423, 1)