controversiality_level=0.06
condition=<function no_observer at 0x2a9b199488>
data: (5782.5532954568707, 45706, 43.029262996813749, 0.89504660219664811, 1)