controversiality_level=0.19
condition=<function no_observer at 0x2a9b199488>
data: (629.81327522660445, 3644, 13.333868340263869, 0.98133918770581774, 1)