controversiality_level=0.06
condition=<function no_observer at 0x2a9b199488>
data: (5961.9765605968287, 45706, 36.929187959650015, 0.97262941408130221, 1)