controversiality_level=0.01
condition=<function no_observer at 0x2a9b199488>
data: (6097.0646874812783, 46926, 37.304865135752003, 0.97250990921877001, 1)