controversiality_level=0.05
condition=<function no_observer at 0x2a9b199488>
data: (6021.1089354974301, 46316, 37.071219924083891, 0.97245012522670349, 1)