controversiality_level=0.04
condition=<function no_observer at 0x2a9b199488>
data: (6087.5363778900883, 46805, 37.286956893436809, 0.97250293772032903, 1)