controversiality_level=0.08
condition=<function no_observer at 0x2a9b199488>
data: (5725.7364392797954, 43725, 36.290599572308956, 0.97246426529445396, 1)