controversiality_level=0.26
condition=<function no_observer at 0x2a9b199488>
data: (58.682024334247998, 250, 4.2912095529176559, 0.98799999999999999, 1)