controversiality_level=0.03
condition=<function no_observer at 0x2a9b199488>
data: (6094.7859654421527, 46882, 37.301703099736521, 0.97250543918774801, 1)