controversiality_level=0.22
condition=<function no_observer at 0x2a9b199488>
data: (236.8552660443481, 1189, 8.4042136643360994, 0.98402018502943656, 1)