controversiality_level=0.07
condition=<function no_observer at 0x2a9b199488>
data: (5865.2384927966477, 44858, 36.671301189270679, 0.97255784921307231, 1)