controversiality_level=0.09
condition=<function no_observer at 0x2a9b199488>
data: (5529.9607937313749, 42005, 35.748930123511144, 0.97276514700630878, 1)