controversiality_level=0.11
condition=<function no_observer at 0x2a9b199488>
data: (4821.0586108106718, 35706, 33.654085374285856, 0.9736178793480087, 1)