controversiality_level=0.18
condition=<function no_observer at 0x2a9b199488>
data: (899.9183145991932, 5557, 15.628429844544966, 0.97768580169156016, 1)