controversiality_level=0.0
condition=<function no_observer at 0x2a9b199488>
data: (6341.8971876270389, 49438, 37.926637776953555, 0.97196488531089442, 1)