controversiality_level=0.29
condition=<function no_observer at 0x2a9b199488>
data: (24.57034501720501, 100, 2.8584735005081576, 1.0, 1)