controversiality_level=0.23
condition=<function no_observer at 0x2a9b199488>
data: (214.2165567859401, 1049, 8.0551903284986963, 0.98284080076263103, 1)