controversiality_level=0.16
condition=<function no_observer at 0x2a9b199488>
data: (1971.327525861901, 13218, 22.539682519529947, 0.97495839007414131, 1)