controversiality_level=0.28
condition=<function no_observer at 0x2a9b199488>
data: (27.697184116698008, 118, 2.9874195161326833, 0.99152542372881358, 1)