controversiality_level=0.12
condition=<function no_observer at 0x2a9b199488>
data: (4442.3982689026061, 32624, 32.423602223836696, 0.97403751839136832, 1)