controversiality_level=0.14
condition=<function no_observer at 0x2a9b199488>
data: (3196.2858155862605, 22635, 27.850331934324785, 0.97521537442014583, 1)