controversiality_level=0.13
condition=<function no_observer at 0x2a9b199488>
data: (3977.941862537557, 28764, 30.88185234180801, 0.97420386594354058, 1)