controversiality_level=0.21
condition=<function no_observer at 0x2a9b199488>
data: (295.64724561792826, 1544, 9.2708185302245436, 0.9863989637305699, 1)