controversiality_level=0.25
condition=<function no_observer at 0x2a9b199488>
data: (83.823072569098017, 376, 5.0986654834537006, 0.98670212765957444, 1)