controversiality_level=0.1
condition=<function no_observer at 0x2a9b199488>
data: (5028.200824998843, 37717, 34.255383978479792, 0.97316859771455844, 1)