controversiality_level=0.24
condition=<function no_observer at 0x2a9b199488>
data: (136.18379010411195, 631, 6.5616596156038787, 0.98732171156893822, 1)