controversiality_level=0.2
condition=<function no_observer at 0x2a9b199488>
data: (438.73231607481426, 2423, 11.155647362277772, 0.98225340486999591, 1)