controversiality_level=0.17
condition=<function no_observer at 0x2a9b199488>
data: (1393.4991960769121, 9075, 19.138729219799899, 0.97564738292011022, 1)