controversiality_level=0.27
condition=<function no_observer at 0x2a9b199488>
data: (40.89934574041299, 180, 3.5628698802212662, 0.98888888888888893, 1)