controversiality_level=0.15
condition=<function no_observer at 0x2a9b199488>
data: (2417.1982744632696, 16771, 24.59606409288013, 0.97495677061594421, 1)