controversiality_level=0.18
round_weight=True
data: (779.20000000002085, 5257, 0.196216834711, 0.63306068099676627, 0.98983242327245335)