controversiality_level=0.17
round_weight=True
data: (1221.4000000001054, 8694, 0.189353141976, 0.60823556475730389, 0.99054346587672326)