controversiality_level=0.1
round_weight=True
data: (4449.1999999985546, 36831, 0.170407105573, 0.54508430398305774, 0.99349913681484681)