controversiality_level=0.09
round_weight=True
data: (4822.7999999981866, 40514, 0.168701764465, 0.53902354741570813, 0.99357465175593485)