controversiality_level=0.11
round_weight=True
data: (4281.39999999873, 34894, 0.172011321624, 0.5525305210064767, 0.99342348754448395)