controversiality_level=0.02
round_weight=True
data: (5285.9999999977799, 45033, 0.167270683963, 0.53254280194524017, 0.99390849500099321)