controversiality_level=0.19
round_weight=True
data: (552.99999999998738, 3467, 0.205743882388, 0.67089702913181426, 0.98887621220764399)