controversiality_level=0.07
round_weight=True
data: (5081.7999999979738, 42970, 0.167870757162, 0.53665347917151496, 0.99373279988899421)