controversiality_level=0.28
round_weight=True
data: (26.399999999999967, 112, 0.281577190635, 0.8035714285714286, 1.0)