controversiality_level=0.13
round_weight=True
data: (3523.5999999992978, 27983, 0.17519395167, 0.56305614122860304, 0.99290352340063159)