controversiality_level=0.27
round_weight=True
data: (39.999999999999964, 174, 0.274594790283, 0.8045977011494253, 1.0)