controversiality_level=0.0
round_weight=True
data: (5402.1999999976651, 46703, 0.165889816746, 0.52540522022139902, 0.99391346910979161)