controversiality_level=0.03
round_weight=True
data: (5284.9999999977799, 44989, 0.167339178278, 0.53295249949987777, 0.99390257373246438)