controversiality_level=0.25
round_weight=True
data: (73.800000000000196, 325, 0.2683281573, 0.81846153846153846, 0.99693251533742333)