controversiality_level=0.14
round_weight=True
data: (2820.3999999997873, 21894, 0.177937186836, 0.57294235863706955, 0.99274508025754971)