controversiality_level=0.12
round_weight=True
data: (3940.7999999989925, 31828, 0.173070794945, 0.55630262661807217, 0.99329026620478733)