controversiality_level=0.22
round_weight=True
data: (210.19999999999877, 1086, 0.235285180201, 0.76887661141804786, 0.99178082191780825)