controversiality_level=0.06
round_weight=True
data: (5167.5999999978822, 43815, 0.167597764343, 0.53534177792993265, 0.99378529792011616)