controversiality_level=0.24
round_weight=True
data: (116.00000000000082, 539, 0.254094485224, 0.81818181818181823, 0.98899082568807339)