controversiality_level=0.16
round_weight=True
data: (1713.2000000002197, 12615, 0.184796703544, 0.59460959175584627, 0.990421606343723)