controversiality_level=0.15
round_weight=True
data: (2105.4000000002547, 16073, 0.180565072513, 0.57755241709699501, 0.9915484268969772)