controversiality_level=0.23
round_weight=True
data: (190.19999999999942, 955, 0.240853630249, 0.77905759162303667, 0.99169262720664586)