controversiality_level=0.21
round_weight=True
data: (257.19999999999703, 1407, 0.225836516525, 0.7405828002842928, 0.98945147679324896)