controversiality_level=0.29
round_weight=True
data: (24.199999999999974, 100, 0.287749891399, 0.81000000000000005, 1.0)