controversiality_level=0.26
round_weight=True
data: (57.400000000000048, 243, 0.276664435511, 0.83539094650205759, 0.99590163934426235)