controversiality_level=0.2
round_weight=True
data: (385.59999999998973, 2261, 0.21471724204, 0.70765148164528968, 0.98949671772428882)