controversiality_level=0.05
round_weight=True
data: (5218.7999999978338, 44425, 0.167241851232, 0.53332583005064715, 0.99387010895098327)