controversiality_level=0.08
round_weight=True
data: (4951.5999999980904, 41841, 0.168008508185, 0.53665065366506537, 0.99365916215445993)