controversiality_level=0.04
round_weight=True
data: (5278.1999999977861, 44912, 0.167386818447, 0.5331314570716067, 0.99389218376560151)