controversiality_level=0.24
data: (58.800000000000061, 545, 5.4772255750516576, 0.24220183486238533, 1)