controversiality_level=0.09
round_weight=True
data: (2113.6000000001882, 25559, 0.161112374054, 0.32270433115536601, 0.62681479301549936)