indegree=3
controversiality_level=0.21
data: (134.60000000000019, 1544, 7.7691698398219922, 0.23963730569948186, 1)