indegree=10
controversiality_level=0.05
data: (2095.0000000002046, 39990, 25.567948685805746, 0.20547636909227307, 1)