controversiality_level=0.2
round_weight=True
data: (200.7999999999989, 1510, 0.236307129818, 0.39735099337748342, 0.66083150984682715)