controversiality_level=0.29
round_weight=True
data: (24.800000000000011, 93, 0.391303308918, 0.4946236559139785, 0.92999999999999994)