controversiality_level=0.27
round_weight=True
data: (27.200000000000014, 123, 0.35338088344, 0.42276422764227645, 0.7068965517241379)