controversiality_level=0.14
round_weight=True
data: (1336.000000000095, 14159, 0.179490847886, 0.3455752524895826, 0.64201505395846559)