indegree=3
controversiality_level=0.17
data: (608.20000000000164, 9075, 15.153877391611598, 0.22391184573002754, 1)