indegree=3
controversiality_level=0.1
data: (2001.4000000002097, 37717, 25.294268125407385, 0.20412546066760348, 1)