controversiality_level=0.07
round_weight=True
data: (2192.8000000001402, 26721, 0.159571673223, 0.3229669548295348, 0.61795518142503636)