indegree=3
controversiality_level=0.09
data: (2146.8000000001657, 42005, 25.93530412391549, 0.199642899654803, 1)