indegree=3
controversiality_level=0.22
data: (113.40000000000023, 1189, 7.2415467960926518, 0.25063078216989065, 1)