indegree=10
controversiality_level=0.25
data: (35.800000000000011, 264, 4.3034869582700006, 0.29924242424242425, 1)