indegree=3
controversiality_level=0.18
data: (419.39999999999316, 5557, 12.738916751435344, 0.24545618139283787, 1)