indegree=3
controversiality_level=0.25
data: (40.800000000000026, 376, 4.5782092569038362, 0.24202127659574468, 1)