indegree=3
controversiality_level=0.05
data: (2259.6000000000995, 46316, 26.396969523033842, 0.19280594179117366, 1)