controversiality_level=0.27
data: (27.200000000000014, 174, 3.9191835884530835, 0.2988505747126437, 1)