controversiality_level=0.22
round_weight=True
data: (111.00000000000023, 750, 0.261788718881, 0.38800000000000001, 0.68493150684931514)