indegree=10
controversiality_level=0.13
data: (1559.6000000001309, 26196, 22.798245546534019, 0.22232401893418843, 1)