indegree=3
controversiality_level=0.2
data: (205.19999999999882, 2423, 9.2865494129951234, 0.25257944696657036, 1)