indegree=3
controversiality_level=0.07
data: (2234.6000000001136, 44858, 26.294486114012198, 0.19639752106647643, 1)