controversiality_level=0.04
round_weight=True
data: (2223.4000000001224, 27813, 0.157173648845, 0.31553590047819363, 0.61549526422944145)