controversiality_level=0.25
round_weight=True
data: (40.600000000000023, 189, 0.332697806858, 0.47619047619047616, 0.57975460122699385)