indegree=10
controversiality_level=0.19
data: (265.99999999999721, 3091, 10.484273937664957, 0.26334519572953735, 1)