controversiality_level=0.12
data: (1788.6000000001725, 32043, 24.143736247731653, 0.21187154760790189, 1)