controversiality_level=0.02
data: (2228.2000000001185, 45309, 26.230516578976903, 0.19422189851905802, 1)