indegree=10
controversiality_level=0.23
data: (96.800000000000182, 858, 6.7468511173731871, 0.29020979020979021, 1)