controversiality_level=0.18
round_weight=True
data: (413.59999999999326, 3279, 0.220786252008, 0.41110094541018605, 0.61739785351157972)