indegree=10
controversiality_level=0.0
data: (2107.000000000196, 41376, 25.617962448250946, 0.19999516627996908, 1)