indegree=3
controversiality_level=0.01
data: (2270.0000000000937, 46926, 26.439364591456723, 0.19136512807398884, 1)