controversiality_level=0.18
data: (413.59999999999326, 5311, 12.642784503423286, 0.25381284127282999, 1)