controversiality_level=0.1
round_weight=True
data: (1981.8000000002069, 23621, 0.163804933446, 0.32276364252148509, 0.63716551575312907)