indegree=10
controversiality_level=0.24
data: (53.000000000000043, 469, 5.2191953402799527, 0.25159914712153519, 1)