controversiality_level=0.23
round_weight=True
data: (104.8000000000002, 687, 0.267175642363, 0.39446870451237265, 0.71339563862928346)