indegree=10
controversiality_level=0.0
round_weight=True
data: (2107.000000000196, 26799, 0.1564895315, 0.30878017836486438, 0.64769431554524359)