controversiality_level=0.21
data: (131.0000000000002, 1422, 7.6655071586946999, 0.25316455696202533, 1)