indegree=3
controversiality_level=0.04
data: (2265.2000000000958, 46805, 26.421203606194325, 0.19134707830360004, 1)