controversiality_level=0.01
round_weight=True
data: (2228.2000000001185, 27908, 0.157015485516, 0.3153217715350437, 0.61594826634884903)