indegree=3
controversiality_level=0.0
data: (2282.4000000000879, 49438, 26.495282598983053, 0.18277438407702576, 1)