controversiality_level=0.13
data: (1623.6000000001418, 28183, 23.225847670215348, 0.21537806479083135, 1)