indegree=3
controversiality_level=0.16
data: (855.00000000002808, 13218, 17.596590578859558, 0.22476925404751097, 1)