indegree=3
controversiality_level=0.28
data: (24.800000000000011, 118, 3.7735924528226406, 0.38983050847457629, 1)