controversiality_level=0.16
round_weight=True
data: (840.40000000002613, 7863, 0.196859483808, 0.37135953198524735, 0.61733532228939314)