controversiality_level=0.13
round_weight=True
data: (1623.6000000001418, 18265, 0.17185482704, 0.33232959211606899, 0.64808572543732035)