controversiality_level=0.14
data: (1336.000000000095, 22054, 21.357902518741003, 0.22186451437380975, 1)