indegree=10
controversiality_level=0.03
data: (2105.2000000001976, 40556, 25.610935164495569, 0.2038169444718414, 1)