indegree=3
controversiality_level=0.14
data: (1353.6000000000977, 22635, 21.488601629702302, 0.21904130770929975, 1)