controversiality_level=0.0
round_weight=True
data: (2235.200000000114, 28828, 0.154664759186, 0.30640349660052729, 0.61350528847176999)