controversiality_level=0.15
data: (1054.4000000000576, 16210, 19.191664857432876, 0.2336212214682295, 1)