indegree=10
controversiality_level=0.12
data: (1720.2000000001606, 29892, 23.709069994414342, 0.21825237521744947, 1)