indegree=3
controversiality_level=0.24
data: (60.200000000000067, 631, 5.5244909267732494, 0.21711568938193343, 1)