indegree=3
controversiality_level=0.11
data: (1929.6000000001966, 35706, 24.946342417276462, 0.20657592561474261, 1)