indegree=10
controversiality_level=0.07
data: (2078.0000000002137, 39094, 25.495097567963853, 0.20811377705018672, 1)