controversiality_level=0.28
data: (24.800000000000011, 112, 3.7735924528226406, 0.4107142857142857, 1)