indegree=10
controversiality_level=0.16
data: (803.60000000002117, 11700, 17.102046661145668, 0.23803418803418802, 1)