controversiality_level=0.1
data: (1981.8000000002069, 37072, 25.175384803414669, 0.20565386275356065, 1)