indegree=10
controversiality_level=0.09
data: (2012.6000000002141, 37416, 25.215074856125266, 0.20908167628821894, 1)