controversiality_level=0.11
round_weight=True
data: (1912.0000000001933, 22568, 0.165309373419, 0.32395427153491668, 0.6425053380782918)