controversiality_level=0.22
data: (111.00000000000023, 1095, 7.1693793315739516, 0.26575342465753427, 1)