controversiality_level=0.17
round_weight=True
data: (601.00000000000057, 5406, 0.204771061357, 0.37217906030336662, 0.61592799361968775)