controversiality_level=0.29
data: (24.800000000000011, 100, 3.7735924528226406, 0.46000000000000002, 1)