indegree=10
controversiality_level=0.02
data: (2105.4000000001975, 40600, 25.611716069018016, 0.20362068965517241, 1)