indegree=10
controversiality_level=0.08
data: (2054.6000000002196, 38372, 25.401574754333623, 0.20900656728864797, 1)