indegree=3
controversiality_level=0.19
data: (290.79999999999677, 3644, 10.921538353180882, 0.24588364434687157, 1)