indegree=10
controversiality_level=0.2
data: (184.3999999999993, 2010, 8.8408144421201342, 0.27164179104477609, 1)