indegree=3
controversiality_level=0.08
data: (2205.0000000001328, 43725, 26.180145148565995, 0.19812464265294455, 1)