indegree=10
controversiality_level=0.22
data: (102.60000000000022, 972, 6.9137544069774268, 0.27469135802469136, 1)