indegree=10
controversiality_level=0.04
data: (2100.6000000002018, 40479, 25.592967784139368, 0.20363645346970033, 1)