indegree=10
controversiality_level=0.11
data: (1839.6000000001804, 32776, 24.393441741583413, 0.21439467903343909, 1)