controversiality_level=0.05
round_weight=True
data: (2217.8000000001266, 27471, 0.158001607671, 0.31851770958465292, 0.61457750732678584)