controversiality_level=0.04
data: (2223.4000000001224, 45188, 26.212210894924201, 0.19421085243870054, 1)