controversiality_level=0.07
data: (2192.8000000001402, 43241, 26.084478143140718, 0.19957910316597674, 1)