indegree=3
controversiality_level=0.13
data: (1641.2000000001449, 28764, 23.346091750013432, 0.21328744263662913, 1)