controversiality_level=0.19
data: (286.39999999999674, 3506, 10.833282051160717, 0.25213918996006845, 1)