controversiality_level=0.19
round_weight=True
data: (286.39999999999674, 2254, 0.2281828996, 0.39219165927240462, 0.64289788933257275)