indegree=10
controversiality_level=0.14
data: (1286.4000000000892, 20506, 20.989521195111625, 0.22939627426119186, 1)