controversiality_level=0.2
data: (200.7999999999989, 2285, 9.1825922265991995, 0.26258205689277897, 1)