controversiality_level=0.05
data: (2217.8000000001266, 44699, 26.187783411353927, 0.19575381999597308, 1)