controversiality_level=0.15
round_weight=True
data: (1054.4000000000576, 10072, 0.191229457254, 0.37599285146942019, 0.6213448488587292)