indegree=3
controversiality_level=0.27
data: (27.200000000000014, 180, 3.9191835884530835, 0.28888888888888886, 1)