indegree=3
controversiality_level=0.15
data: (1069.0000000000589, 16691, 19.319420281158145, 0.22994428134923012, 1)