indegree=10
controversiality_level=0.17
data: (570.79999999999598, 8026, 14.705101155721367, 0.23722900573137304, 1)