controversiality_level=0.24
round_weight=True
data: (58.800000000000061, 350, 0.292770021885, 0.37714285714285717, 0.64220183486238536)