controversiality_level=0.08
round_weight=True
data: (2163.2000000001567, 26247, 0.160294619592, 0.32319884177239305, 0.62332573382730128)