controversiality_level=0.12
round_weight=True
data: (1788.6000000001725, 20661, 0.167968873375, 0.32859009728473937, 0.64478981368785693)