indegree=10
controversiality_level=0.27
data: (26.000000000000014, 145, 3.8262252939417967, 0.34482758620689657, 1)