indegree=3
controversiality_level=0.12
data: (1806.2000000001758, 32624, 24.259431155738771, 0.21009073075036783, 1)