controversiality_level=0.03
round_weight=True
data: (2228.0000000001182, 27872, 0.157112287721, 0.31569316877152698, 0.61575168452446705)