controversiality_level=0.17
data: (601.00000000000057, 8777, 15.055895855112622, 0.2292355018799134, 1)