indegree=10
controversiality_level=0.21
data: (119.20000000000026, 1223, 7.3539105243400753, 0.26410466067048244, 1)