indegree=3
controversiality_level=0.03
data: (2269.8000000000939, 46882, 26.438608132804109, 0.19152339917239025, 1)