controversiality_level=0.06
round_weight=True
data: (2208.4000000001311, 27107, 0.158822167097, 0.32113476223853615, 0.61482455941391279)