indegree=10
controversiality_level=0.18
data: (387.99999999999409, 4749, 12.283322026227278, 0.26468730259001894, 1)