controversiality_level=0.23
data: (104.8000000000002, 963, 7.0028565600046235, 0.28141225337487019, 1)