indegree=3
controversiality_level=0.26
data: (34.000000000000014, 250, 4.2520583250938575, 0.28799999999999998, 1)