controversiality_level=0.11
data: (1912.0000000001933, 35125, 24.83384786939008, 0.2081423487544484, 1)