controversiality_level=0.25
data: (40.600000000000023, 326, 4.5738386504117061, 0.27607361963190186, 1)