controversiality_level=0.06
data: (2208.4000000001311, 44089, 26.148804944011964, 0.19744153870579964, 1)