controversiality_level=0.26
round_weight=True
data: (34.000000000000014, 155, 0.341533543434, 0.46451612903225808, 0.63524590163934425)