controversiality_level=0.21
round_weight=True
data: (131.0000000000002, 917, 0.253137347902, 0.3925845147219193, 0.64486638537271457)