indegree=10
controversiality_level=0.1
data: (1906.6000000001941, 34624, 24.729739181803208, 0.21158733826247689, 1)