controversiality_level=0.0
data: (2235.200000000114, 46989, 26.260236099471406, 0.18798016557066546, 1)