controversiality_level=0.28
round_weight=True
data: (24.800000000000011, 98, 0.381190401832, 0.46938775510204084, 0.875)