indegree=10
controversiality_level=0.26
data: (30.600000000000005, 201, 4.0447496832313359, 0.31840796019900497, 1)