indegree=3
controversiality_level=0.06
data: (2250.2000000001035, 45706, 26.358300400442712, 0.19439460902288541, 1)