controversiality_level=0.08
data: (2163.2000000001567, 42108, 25.969212541006829, 0.2014581552199107, 1)