indegree=10
controversiality_level=0.2
round_weight=True
data: (184.3999999999993, 1383, 0.237728464532, 0.39479392624728848, 0.68805970149253737)