indegree=3
controversiality_level=0.23
data: (106.2000000000002, 1049, 7.0398863627192014, 0.26310772163965679, 1)