indegree=10
controversiality_level=0.06
data: (2085.60000000021, 39380, 25.528023816974073, 0.20751650584052819, 1)