controversiality_level=0.03
data: (2228.0000000001182, 45265, 26.229754097207664, 0.19438860046393461, 1)