controversiality_level=0.09
data: (2113.6000000001882, 40776, 25.757329054076902, 0.2022758485383559, 1)