controversiality_level=0.16
data: (840.40000000002613, 12737, 17.456230979223651, 0.22925335636335087, 1)