controversiality_level=0.26
data: (34.000000000000014, 244, 4.2520583250938575, 0.29508196721311475, 1)