indegree=10
controversiality_level=0.29
data: (23.600000000000009, 95, 3.6769552621700461, 0.4631578947368421, 1)