indegree=10
controversiality_level=0.15
data: (1012.6000000000516, 14984, 18.839320582229593, 0.2421916711158569, 1)