controversiality_level=0.01
condition=<function no_observer at 0x2a9b199488>
data: (10491.191199694926, 46926, 78.633863080824327, 0.89398201423517876, 1)