controversiality_level=0.25
condition=<function no_observer at 0x2a9b199488>
data: (159.03597914031613, 376, 10.035572628034533, 0.94414893617021278, 1)