controversiality_level=0.12
condition=<function no_observer at 0x2a9b199488>
data: (7469.9410239610334, 32624, 65.631961029172885, 0.92526974006866114, 1)