controversiality_level=0.27
condition=<function no_observer at 0x2a9b199488>
data: (66.385944500758981, 180, 5.9712984838216494, 0.94999999999999996, 1)