controversiality_level=0.05
condition=<function no_observer at 0x2a9b199488>
data: (10415.757968168577, 46316, 78.27138418970101, 0.8988254598842732, 1)