controversiality_level=0.19
condition=<function no_observer at 0x2a9b199488>
data: (1160.3286751822159, 3644, 26.632035363484427, 0.94429198682766191, 1)