controversiality_level=0.07
condition=<function no_observer at 0x2a9b199488>
data: (10161.937430615237, 44858, 77.202572226041937, 0.90612599759240264, 1)