controversiality_level=0.22
condition=<function no_observer at 0x2a9b199488>
data: (422.55661633758046, 1189, 15.988059413909165, 0.96131202691337259, 1)