controversiality_level=0.18
condition=<function no_observer at 0x2a9b199488>
data: (1698.4056810960728, 5557, 32.041375901413979, 0.94709375562353793, 1)