controversiality_level=0.23
condition=<function no_observer at 0x2a9b199488>
data: (374.40758284941853, 1049, 14.99283938590832, 0.97140133460438516, 1)