controversiality_level=0.08
condition=<function no_observer at 0x2a9b199488>
data: (9889.8948196569636, 43725, 76.080324731222376, 0.90886220697541453, 1)