controversiality_level=0.26
condition=<function no_observer at 0x2a9b199488>
data: (91.834403942751038, 250, 7.1691819029444037, 0.93999999999999995, 1)