controversiality_level=0.17
condition=<function no_observer at 0x2a9b199488>
data: (2557.5047753069903, 9075, 39.069375643706984, 0.94247933884297519, 1)