controversiality_level=0.24
condition=<function no_observer at 0x2a9b199488>
data: (251.79622703691814, 631, 12.749724328779074, 0.95879556259904908, 1)