controversiality_level=0.29
condition=<function no_observer at 0x2a9b199488>
data: (29.806082331157995, 100, 3.2093949712068994, 1.0, 1)