controversiality_level=0.16
condition=<function no_observer at 0x2a9b199488>
data: (3589.5217709203657, 13218, 46.04640778448222, 0.94394008170676347, 1)