controversiality_level=0.0
condition=<function no_observer at 0x2a9b199488>
data: (11048.591199694858, 49438, 81.282005530214875, 0.86384967029410575, 1)