controversiality_level=0.03
condition=<function no_observer at 0x2a9b199488>
data: (10488.284374193023, 46882, 78.621383465826227, 0.89388251354464399, 1)