controversiality_level=0.21
condition=<function no_observer at 0x2a9b199488>
data: (541.40624593165671, 1544, 18.067876196852449, 0.96373056994818651, 1)