controversiality_level=0.14
condition=<function no_observer at 0x2a9b199488>
data: (5511.2512883205272, 22635, 56.363137804288293, 0.93951844488623815, 1)