controversiality_level=0.06
condition=<function no_observer at 0x2a9b199488>
data: (10338.468680814287, 45706, 77.947028123598884, 0.90303242462696365, 1)