controversiality_level=0.28
condition=<function no_observer at 0x2a9b199488>
data: (37.560137464138975, 118, 3.9108810744153879, 0.98305084745762716, 1)