controversiality_level=0.13
condition=<function no_observer at 0x2a9b199488>
data: (6715.8921261805181, 28764, 62.234741734744517, 0.92827840356000557, 1)