controversiality_level=0.15
condition=<function no_observer at 0x2a9b199488>
data: (4349.9305455506919, 16771, 50.408483254349854, 0.94311609325621604, 1)