controversiality_level=0.04
condition=<function no_observer at 0x2a9b199488>
data: (10473.601721265028, 46805, 78.540859338547349, 0.8941566072000855, 1)