controversiality_level=0.11
condition=<function no_observer at 0x2a9b199488>
data: (8028.5776124754157, 35706, 68.061241967584195, 0.92104968352657812, 1)