controversiality_level=0.1
condition=<function no_observer at 0x2a9b199488>
data: (8424.1395415692296, 37717, 69.822520449919679, 0.91619163772304268, 1)