controversiality_level=0.2
condition=<function no_observer at 0x2a9b199488>
data: (798.58795662214072, 2423, 21.897169867031742, 0.95955427156417661, 1)