controversiality_level=0.09
condition=<function no_observer at 0x2a9b199488>
data: (9478.3895530374812, 42005, 74.350578425367345, 0.91322461611712891, 1)