controversiality_level=0.09
round_weight=True
data: (3396.7999999995595, 34328, 0.169986359413, 0.39842111395945001, 0.84186776535216801)