controversiality_level=0.17
round_weight=True
data: (1090.0000000000584, 7231, 0.215996947278, 0.57557737519015351, 0.82385781018571269)