controversiality_level=0.27
round_weight=True
data: (37.399999999999984, 140, 0.298089152532, 0.9285714285714286, 0.8045977011494253)