controversiality_level=0.14
round_weight=True
data: (2257.0000000001114, 18623, 0.191787573335, 0.47274875154378992, 0.84442731477283028)