controversiality_level=0.1
round_weight=True
data: (3193.199999999681, 31399, 0.173736584452, 0.40443963183540876, 0.84697345705653859)