controversiality_level=0.06
round_weight=True
data: (3500.3999999994749, 36855, 0.165818762999, 0.38491385158051827, 0.83592279253328494)