controversiality_level=0.0
round_weight=True
data: (3514.1999999994632, 39184, 0.161053214856, 0.36371988566761942, 0.83389729511162192)