controversiality_level=0.28
round_weight=True
data: (28.199999999999953, 104, 0.294174202707, 0.97115384615384615, 0.9285714285714286)