controversiality_level=0.05
round_weight=True
data: (3509.1999999994678, 37381, 0.164803889786, 0.38062117118322142, 0.83628269088793927)