indegree=10
controversiality_level=0.2
round_weight=True
data: (325.5999999999944, 1672, 0.242790791467, 0.74342105263157898, 0.83184079601990046)