controversiality_level=0.2
round_weight=True
data: (362.19999999999283, 1846, 0.247062920476, 0.73618634886240519, 0.80787746170678343)