controversiality_level=0.26
round_weight=True
data: (49.000000000000028, 191, 0.301826898138, 0.8534031413612565, 0.78278688524590168)