controversiality_level=0.22
round_weight=True
data: (189.79999999999939, 881, 0.264167250018, 0.77639046538024969, 0.80456621004566209)