controversiality_level=0.16
round_weight=True
data: (1486.4000000001231, 10550, 0.207407833697, 0.54436018957345966, 0.82829551699772319)