controversiality_level=0.23
round_weight=True
data: (171.99999999999972, 781, 0.266047082179, 0.79897567221510879, 0.81100726895119424)