controversiality_level=0.13
round_weight=True
data: (2686.7999999999402, 23887, 0.184454675847, 0.44069996232260228, 0.84756768264556648)