controversiality_level=0.03
round_weight=True
data: (3513.9999999994634, 37867, 0.163826738841, 0.37634351810283362, 0.83656246548105595)