controversiality_level=0.19
round_weight=True
data: (508.39999999998622, 2816, 0.238901368009, 0.67329545454545459, 0.80319452367370225)