controversiality_level=0.12
round_weight=True
data: (2937.7999999997937, 27157, 0.179942015021, 0.42744043892918954, 0.84751739849577135)