controversiality_level=0.11
round_weight=True
data: (3101.5999999997084, 29788, 0.17613793928, 0.41298509466899425, 0.84805693950177941)