controversiality_level=0.24
round_weight=True
data: (97.000000000000398, 418, 0.285704032625, 0.77751196172248804, 0.76697247706422012)