controversiality_level=0.08
round_weight=True
data: (3446.1999999995182, 35380, 0.168318925256, 0.3933578292820803, 0.84022038567493107)