controversiality_level=0.07
round_weight=True
data: (3480.19999999949, 36201, 0.166976039486, 0.38907764978867987, 0.83719155431187997)