controversiality_level=0.01
round_weight=True
data: (3514.1999999994632, 37908, 0.16374134231, 0.37596285744433894, 0.83665496921141491)