controversiality_level=0.25
round_weight=True
data: (65.200000000000117, 243, 0.315837120079, 0.8559670781893004, 0.745398773006135)