controversiality_level=0.18
round_weight=True
data: (724.00000000000784, 4307, 0.22841963184, 0.63663803111214301, 0.81095838825080024)