controversiality_level=0.29
round_weight=True
data: (25.799999999999962, 95, 0.289464114674, 0.98947368421052628, 0.94999999999999996)