controversiality_level=0.15
round_weight=True
data: (1811.4000000001915, 13526, 0.200980886095, 0.52284489132041989, 0.83442319555829736)