controversiality_level=0.21
round_weight=True
data: (237.99999999999812, 1133, 0.259131552533, 0.76699029126213591, 0.79676511954992968)