indegree=10
controversiality_level=0.0
round_weight=True
data: (3190.9999999996562, 35377, 0.162140053861, 0.3640500890409023, 0.85501256767208045)