controversiality_level=0.04
round_weight=True
data: (3513.5999999994638, 37805, 0.163954568047, 0.37690781642639865, 0.83661591572983984)