controversiality_level=0.16
condition=<function no_observer at 0x2a9b199488>
data: (3442.3813799321033, 13218, 42.919918766716322, 0.94469662581328495, 1)