controversiality_level=0.29
condition=<function no_observer at 0x2a9b199488>
data: (29.799999999999958, 100, 3.2062439083762784, 0.97999999999999998, 1)