controversiality_level=0.11
condition=<function no_observer at 0x2a9b199488>
data: (6770.0474677215807, 35706, 53.456780164156108, 0.92513863216266179, 1)