controversiality_level=0.08
condition=<function no_observer at 0x2a9b199488>
data: (8081.4127460571835, 43725, 57.787438571838273, 0.92317895940537453, 1)