controversiality_level=0.06
condition=<function no_observer at 0x2a9b199488>
data: (8435.7266683026119, 45706, 59.006019019479332, 0.92125760294053294, 1)