controversiality_level=0.18
condition=<function no_observer at 0x2a9b199488>
data: (1523.7415988163566, 5557, 27.924873975220127, 0.92819866834622999, 1)