controversiality_level=0.23
condition=<function no_observer at 0x2a9b199488>
data: (443.72453222147317, 1049, 17.355697150158843, 0.89418493803622501, 1)