controversiality_level=0.05
condition=<function no_observer at 0x2a9b199488>
data: (8540.538666770628, 46316, 59.431029062328562, 0.9208264962431989, 1)