controversiality_level=0.15
condition=<function no_observer at 0x2a9b199488>
data: (4000.8127058183527, 16771, 44.876236933733736, 0.94770735197662637, 1)