controversiality_level=0.03
condition=<function no_observer at 0x2a9b199488>
data: (8651.6179349823342, 46882, 59.935477616331866, 0.92118510302461498, 1)