controversiality_level=0.27
condition=<function no_observer at 0x2a9b199488>
data: (57.817777777778012, 180, 5.5421366829361549, 0.83333333333333337, 1)