controversiality_level=0.13
condition=<function no_observer at 0x2a9b199488>
data: (5831.2781568821001, 28764, 51.039082995625392, 0.92365456821026282, 1)