controversiality_level=0.21
condition=<function no_observer at 0x2a9b199488>
data: (566.14249917167899, 1544, 18.798695364355826, 0.9060880829015544, 1)