controversiality_level=0.09
condition=<function no_observer at 0x2a9b199488>
data: (7770.7687802250193, 42005, 56.636839909302026, 0.92365194619688129, 1)