controversiality_level=0.25
condition=<function no_observer at 0x2a9b199488>
data: (122.65261648745414, 376, 8.291696580683757, 0.85106382978723405, 1)