controversiality_level=0.07
condition=<function no_observer at 0x2a9b199488>
data: (8298.3433902196211, 44858, 58.573341812375645, 0.92284542333585984, 1)