controversiality_level=0.26
condition=<function no_observer at 0x2a9b199488>
data: (75.617777777777988, 250, 6.180232925411997, 0.85999999999999999, 1)