controversiality_level=0.28
condition=<function no_observer at 0x2a9b199488>
data: (35.879999999999974, 118, 3.7780418208378772, 0.94915254237288138, 1)