controversiality_level=0.19
condition=<function no_observer at 0x2a9b199488>
data: (1089.1076957480534, 3644, 24.223724382181373, 0.9179473106476399, 1)