controversiality_level=0.12
condition=<function no_observer at 0x2a9b199488>
data: (6353.4772784162797, 32624, 52.335192382370721, 0.92379843060323685, 1)