controversiality_level=0.2
condition=<function no_observer at 0x2a9b199488>
data: (749.45919926307556, 2423, 20.648913825344025, 0.92860090796533223, 1)