controversiality_level=0.0
condition=<function no_observer at 0x2a9b199488>
data: (9095.1396459328462, 49438, 61.67811004710137, 0.91741170759334922, 1)