controversiality_level=0.14
condition=<function no_observer at 0x2a9b199488>
data: (4959.0659852707813, 22635, 48.635205443783192, 0.92816434724983432, 1)