controversiality_level=0.1
condition=<function no_observer at 0x2a9b199488>
data: (7019.7931285252625, 37717, 54.006652327415033, 0.92361534586525973, 1)