controversiality_level=0.24
condition=<function no_observer at 0x2a9b199488>
data: (215.15241240580838, 631, 10.713804681828615, 0.86846275752773372, 1)