controversiality_level=0.17
condition=<function no_observer at 0x2a9b199488>
data: (2399.8166070716456, 9075, 35.827119443961763, 0.93190082644628103, 1)