controversiality_level=0.22
condition=<function no_observer at 0x2a9b199488>
data: (478.30958780740832, 1189, 17.791723295844584, 0.90328006728343146, 1)