controversiality_level=0.04
condition=<function no_observer at 0x2a9b199488>
data: (8622.6724804368769, 46805, 59.711410563459189, 0.92105544279457319, 1)