controversiality_level=0.01
condition=<function no_observer at 0x2a9b199488>
data: (8652.7021455086433, 46926, 59.935903742500031, 0.92125900353748458, 1)