indegree=10
controversiality_level=0.0
round_weight=True
data: (5308.799999998263, 39629, 0.19971970568, 0.5317822806530571, 0.95777745552977567)