indegree=10
controversiality_level=0.2
round_weight=True
data: (373.1999999999943, 1758, 0.279280727382, 0.71217292377701935, 0.87462686567164183)