controversiality_level=0.06
round_weight=True
data: (5800.1999999979726, 41955, 0.203670290949, 0.5446549874865928, 0.95159790423915258)