controversiality_level=0.13
round_weight=True
data: (4046.5999999992696, 26561, 0.220158035588, 0.57479010579420953, 0.94244757477912211)