controversiality_level=0.11
round_weight=True
data: (4838.7999999986732, 33392, 0.211894731167, 0.55752874940105412, 0.95066192170818509)