controversiality_level=0.1
round_weight=True
data: (5049.3999999985554, 35339, 0.209583892962, 0.55293019044115566, 0.95325312904618043)