controversiality_level=0.19
round_weight=True
data: (711.80000000000678, 3139, 0.300472178057, 0.70404587448231926, 0.89532230462065032)