controversiality_level=0.23
round_weight=True
data: (189.79999999999944, 715, 0.340053471731, 0.7384615384615385, 0.74247144340602289)