controversiality_level=0.0
round_weight=True
data: (5987.7999999978229, 44609, 0.199878911538, 0.53206752000717339, 0.94934984783672771)