controversiality_level=0.22
round_weight=True
data: (221.99999999999881, 847, 0.339594869403, 0.72136953955135774, 0.77351598173515979)