controversiality_level=0.25
round_weight=True
data: (74.600000000000122, 295, 0.332020011649, 0.69152542372881354, 0.90490797546012269)