controversiality_level=0.24
round_weight=True
data: (148.19999999999987, 514, 0.362975168245, 0.76264591439688711, 0.94311926605504581)