controversiality_level=0.05
round_weight=True
data: (5844.9999999979327, 42505, 0.202965892483, 0.54238324902952595, 0.95091612787758117)