controversiality_level=0.16
round_weight=True
data: (2008.400000000199, 11404, 0.242704856032, 0.63521571378463693, 0.89534427259166205)