controversiality_level=0.2
round_weight=True
data: (422.19999999999283, 1979, 0.282306246077, 0.7054067710965134, 0.86608315098468269)