controversiality_level=0.01
round_weight=True
data: (5894.3999999978887, 43050, 0.202263612906, 0.54116144018583046, 0.95014235582334639)