controversiality_level=0.18
round_weight=True
data: (994.20000000003085, 4838, 0.275182678248, 0.68272013228606865, 0.91093955940500848)