controversiality_level=0.26
round_weight=True
data: (59.600000000000058, 224, 0.344860220131, 0.7053571428571429, 0.91803278688524592)