controversiality_level=0.27
round_weight=True
data: (41.40000000000002, 154, 0.332249319622, 0.77272727272727271, 0.88505747126436785)