controversiality_level=0.14
round_weight=True
data: (3262.599999999733, 20550, 0.229405239675, 0.57956204379562049, 0.93180375442096675)