controversiality_level=0.29
round_weight=True
data: (29.799999999999958, 100, 0.320624390838, 0.97999999999999998, 1.0)