controversiality_level=0.09
round_weight=True
data: (5456.7999999982303, 38884, 0.206334217421, 0.54852895792613932, 0.95360015695507161)