controversiality_level=0.03
round_weight=True
data: (5894.1999999978889, 43006, 0.202364757654, 0.54169185695019295, 0.95009389152767043)