controversiality_level=0.21
round_weight=True
data: (281.79999999999751, 1161, 0.317451088829, 0.7174849267872524, 0.81645569620253167)