controversiality_level=0.04
round_weight=True
data: (5893.7999999978892, 42956, 0.202477898948, 0.54227581711518769, 0.9506063556696468)