controversiality_level=0.15
round_weight=True
data: (2461.8000000000447, 14810, 0.233223021415, 0.60925050641458478, 0.91363355953115355)