controversiality_level=0.07
round_weight=True
data: (5714.9999999980355, 41154, 0.204410236374, 0.545997958886135, 0.95173562128535416)