controversiality_level=0.17
round_weight=True
data: (1474.6000000001015, 7895, 0.256077489855, 0.64775174160861304, 0.8995100831719266)