controversiality_level=0.08
round_weight=True
data: (5586.3999999981252, 40125, 0.205052686794, 0.54599376947040501, 0.95290681105728126)