controversiality_level=0.28
round_weight=True
data: (30.999999999999957, 106, 0.322139076962, 0.94339622641509435, 0.9464285714285714)