controversiality_level=0.12
round_weight=True
data: (4506.5999999989281, 30369, 0.21540952729, 0.56715729856103259, 0.94775770058983244)