controversiality_level=0.15
condition=<function no_observer at 0x2a9b199488>
data: (4038.0386393782433, 16771, 37.541272028075618, 1.0, 1)