controversiality_level=0.24
condition=<function no_observer at 0x2a9b199488>
data: (178.78693487922183, 631, 8.3079053112083869, 1.0, 1)