controversiality_level=0.16
condition=<function no_observer at 0x2a9b199488>
data: (3226.0801578051933, 13218, 33.733370391260976, 1.0, 1)