controversiality_level=0.03
condition=<function no_observer at 0x2a9b199488>
data: (10575.969196349763, 46882, 59.280626014210888, 1.0, 1)