controversiality_level=0.12
condition=<function no_observer at 0x2a9b199488>
data: (7684.7449904846189, 32624, 51.355721579424952, 1.0, 1)