controversiality_level=0.21
condition=<function no_observer at 0x2a9b199488>
data: (422.99238269101215, 1544, 12.628827773245458, 1.0, 1)