controversiality_level=0.19
condition=<function no_observer at 0x2a9b199488>
data: (960.3618615259993, 3644, 18.85071732890901, 1.0, 1)