controversiality_level=0.0
condition=<function no_observer at 0x2a9b199488>
data: (11043.537137946798, 49438, 60.349274298417335, 1.0, 1)