controversiality_level=0.17
condition=<function no_observer at 0x2a9b199488>
data: (2262.3338034161902, 9075, 28.464891403522024, 1.0, 1)