controversiality_level=0.14
condition=<function no_observer at 0x2a9b199488>
data: (5429.8283392287467, 22635, 43.477532228802147, 1.0, 1)