controversiality_level=0.25
condition=<function no_observer at 0x2a9b199488>
data: (106.49514208596604, 376, 6.4355207389406983, 1.0, 1)