controversiality_level=0.08
condition=<function no_observer at 0x2a9b199488>
data: (9965.6951711912261, 43725, 57.781256505706352, 1.0, 1)