controversiality_level=0.23
condition=<function no_observer at 0x2a9b199488>
data: (290.02939999860297, 1049, 10.492096352140436, 1.0, 1)