controversiality_level=0.26
condition=<function no_observer at 0x2a9b199488>
data: (70.438362121143058, 250, 5.2454993786611483, 1.0, 1)