controversiality_level=0.18
condition=<function no_observer at 0x2a9b199488>
data: (1408.2700678514116, 5557, 22.563344211074551, 1.0, 1)