controversiality_level=0.28
condition=<function no_observer at 0x2a9b199488>
data: (33.953880795083982, 118, 3.7095186277220207, 1.0, 1)