controversiality_level=0.22
condition=<function no_observer at 0x2a9b199488>
data: (328.53171299709106, 1189, 11.128993783649847, 1.0, 1)