controversiality_level=0.29
condition=<function no_observer at 0x2a9b199488>
data: (28.214226450331992, 100, 3.3687511338012079, 1.0, 1)