controversiality_level=0.2
condition=<function no_observer at 0x2a9b199488>
data: (650.04226221327849, 2423, 15.614382443923297, 1.0, 1)