controversiality_level=0.13
condition=<function no_observer at 0x2a9b199488>
data: (6845.7401820557379, 28764, 48.635745303731717, 1.0, 1)