controversiality_level=0.11
condition=<function no_observer at 0x2a9b199488>
data: (8341.0113553904957, 35706, 53.363837282876752, 1.0, 1)