controversiality_level=0.02
condition=<function no_observer at 0x2a9b199488>
data: (10583.159409718324, 46926, 59.295655348879592, 1.0, 1)