controversiality_level=0.27
condition=<function no_observer at 0x2a9b199488>
data: (51.083057101588047, 180, 4.4902035955996062, 1.0, 1)