controversiality_level=0.07
condition=<function no_observer at 0x2a9b199488>
data: (10187.303882942675, 44858, 58.323315839494136, 1.0, 1)