controversiality_level=0.04
condition=<function no_observer at 0x2a9b199488>
data: (10558.390843546475, 46805, 59.23423463707168, 1.0, 1)