controversiality_level=0.1
condition=<function no_observer at 0x2a9b199488>
data: (8740.8611245968896, 37717, 54.482182950940121, 1.0, 1)