controversiality_level=0.06
condition=<function no_observer at 0x2a9b199488>
data: (10346.006920791846, 45706, 58.702095682130079, 1.0, 1)