controversiality_level=0.05
condition=<function no_observer at 0x2a9b199488>
data: (10459.257734300643, 46316, 58.970565104777286, 1.0, 1)