controversiality_level=0.09
condition=<function no_observer at 0x2a9b199488>
data: (9619.3648221265066, 42005, 56.888537742069438, 1.0, 1)