controversiality_level=0.22
round_weight=True
data: (303.39999999999759, 1095, 0.332748345131, 0.82557077625570774, 1.0)