controversiality_level=0.09
round_weight=True
data: (9356.9999999984284, 40776, 0.289941575708, 0.74671375318814992, 1.0)