controversiality_level=0.15
round_weight=True
data: (3918.5999999997107, 16210, 0.301920646025, 0.76440468846391119, 1.0)