controversiality_level=0.29
round_weight=True
data: (28.999999999999968, 100, 0.351567916625, 0.80000000000000004, 1.0)