controversiality_level=0.02
round_weight=True
data: (10245.999999999378, 45309, 0.286372683444, 0.74300911518682822, 1.0)