controversiality_level=0.03
round_weight=True
data: (10239.199999999366, 45265, 0.286437801943, 0.74313487241798304, 1.0)