controversiality_level=0.21
round_weight=True
data: (390.99999999999449, 1422, 0.331853254133, 0.81926863572433195, 1.0)