controversiality_level=0.11
round_weight=True
data: (8212.3999999972766, 35125, 0.294256285516, 0.75222775800711739, 1.0)