controversiality_level=0.0
round_weight=True
data: (10548.999999999693, 46989, 0.284778827535, 0.74030092149226412, 1.0)