controversiality_level=0.06
round_weight=True
data: (10009.399999999107, 44089, 0.287243036863, 0.74435800313003242, 1.0)