controversiality_level=0.14
round_weight=True
data: (5309.3999999989765, 22054, 0.30098234017, 0.76222000544118984, 1.0)