controversiality_level=0.27
round_weight=True
data: (49.400000000000013, 174, 0.340722693731, 0.81609195402298851, 1.0)