controversiality_level=0.24
round_weight=True
data: (156.60000000000045, 545, 0.343003463753, 0.83119266055045871, 1.0)