controversiality_level=0.18
round_weight=True
data: (1352.4000000000633, 5311, 0.314538212827, 0.78215025418941819, 1.0)