controversiality_level=0.16
round_weight=True
data: (3122.399999999906, 12737, 0.305681461146, 0.76705660673628018, 1.0)