controversiality_level=0.28
round_weight=True
data: (32.999999999999964, 112, 0.353047953036, 0.8214285714285714, 1.0)