controversiality_level=0.19
round_weight=True
data: (926.20000000001323, 3506, 0.322621181414, 0.79777524244152875, 1.0)