controversiality_level=0.1
round_weight=True
data: (8602.9999999976662, 37072, 0.292631785878, 0.74956840742339237, 1.0)