controversiality_level=0.05
round_weight=True
data: (10123.599999999215, 44699, 0.286679758244, 0.74364079733327371, 1.0)