controversiality_level=0.13
round_weight=True
data: (6720.9999999981392, 28183, 0.298528009457, 0.76003264379235713, 1.0)