controversiality_level=0.12
round_weight=True
data: (7557.79999999764, 32043, 0.296160241244, 0.75529756889180166, 1.0)