controversiality_level=0.04
round_weight=True
data: (10221.799999999339, 45188, 0.286457795345, 0.74302912277595823, 1.0)