indegree=10
controversiality_level=0.2
round_weight=True
data: (545.99999999999227, 2010, 0.329631182411, 0.80845771144278611, 1.0)