controversiality_level=0.17
round_weight=True
data: (2196.8000000001211, 8777, 0.310728744631, 0.77463825908624817, 1.0)