controversiality_level=0.08
round_weight=True
data: (9627.9999999986921, 42108, 0.289038526303, 0.74579652322599033, 1.0)