controversiality_level=0.23
round_weight=True
data: (265.99999999999864, 963, 0.333520196844, 0.81619937694704048, 1.0)