controversiality_level=0.25
round_weight=True
data: (93.000000000000341, 326, 0.341953966694, 0.81901840490797551, 1.0)