controversiality_level=0.2
round_weight=True
data: (614.19999999999459, 2285, 0.327232276527, 0.80481400437636763, 1.0)