indegree=10
controversiality_level=0.0
round_weight=True
data: (9454.399999998519, 41376, 0.289076723198, 0.74451372776488789, 1.0)