controversiality_level=0.26
round_weight=True
data: (69.400000000000105, 244, 0.341405004429, 0.81557377049180324, 1.0)