controversiality_level=0.07
round_weight=True
data: (9849.3999999989192, 43241, 0.288042495111, 0.74514927961888022, 1.0)