controversiality_level=0.26
round_weight=True
data: (70.60000000000008, 244, 0.382185261059, 0.66393442622950816, 1.0)