indegree=10
controversiality_level=0.0
round_weight=True
data: (7476.5999999981368, 41376, 0.267527492064, 0.54040989945862339, 1.0)