controversiality_level=0.22
round_weight=True
data: (237.19999999999888, 1095, 0.329493869512, 0.49680365296803652, 1.0)