controversiality_level=0.08
round_weight=True
data: (7901.7999999979374, 42108, 0.273254453907, 0.55851619644723094, 1.0)