controversiality_level=0.14
round_weight=True
data: (4182.3999999996859, 22054, 0.282586095916, 0.53604788247030022, 1.0)