controversiality_level=0.24
round_weight=True
data: (126.9999999999999, 545, 0.347045194424, 0.51192660550458713, 1.0)