controversiality_level=0.28
round_weight=True
data: (33.000000000000028, 112, 0.415331193146, 0.5267857142857143, 1.0)