controversiality_level=0.17
round_weight=True
data: (1773.6000000000558, 8777, 0.300362471389, 0.53754130112794807, 1.0)