controversiality_level=0.16
round_weight=True
data: (2585.399999999986, 12737, 0.29819798483, 0.54926591819109682, 1.0)