controversiality_level=0.12
round_weight=True
data: (5852.7999999990088, 32043, 0.271975370215, 0.53609212620541147, 1.0)