controversiality_level=0.27
round_weight=True
data: (50.400000000000063, 174, 0.400574300368, 0.58045977011494254, 1.0)