controversiality_level=0.05
round_weight=True
data: (8509.1999999978852, 44699, 0.274460843397, 0.5689612743014385, 1.0)