controversiality_level=0.15
round_weight=True
data: (3209.7999999998838, 16210, 0.2911611759, 0.55046267735965448, 1.0)