controversiality_level=0.09
round_weight=True
data: (7595.3999999981406, 40776, 0.272719826178, 0.55277614282911514, 1.0)