controversiality_level=0.19
round_weight=True
data: (754.600000000009, 3506, 0.320954793489, 0.52567027952082146, 1.0)