controversiality_level=0.18
round_weight=True
data: (1156.2000000000235, 5311, 0.316626446359, 0.55545095085671248, 1.0)