controversiality_level=0.29
round_weight=True
data: (29.400000000000023, 100, 0.414246303544, 0.53000000000000003, 1.0)