controversiality_level=0.21
round_weight=True
data: (310.39999999999895, 1422, 0.328573612523, 0.50914205344585095, 1.0)