controversiality_level=0.06
round_weight=True
data: (8378.7999999978583, 44089, 0.274253774863, 0.56825965660368805, 1.0)