controversiality_level=0.11
round_weight=True
data: (6387.9999999987549, 35125, 0.270515522081, 0.53699644128113877, 1.0)