controversiality_level=0.03
round_weight=True
data: (8591.3999999979496, 45265, 0.273956653275, 0.56725947199823268, 1.0)