controversiality_level=0.07
round_weight=True
data: (8161.1999999977761, 43241, 0.273501518112, 0.5640480099905183, 1.0)