controversiality_level=0.25
round_weight=True
data: (95.000000000000043, 326, 0.384197035339, 0.66257668711656437, 1.0)