controversiality_level=0.1
round_weight=True
data: (6779.3999999985408, 37072, 0.270421831957, 0.54218817436340094, 1.0)