controversiality_level=0.04
round_weight=True
data: (8581.1999999979325, 45188, 0.274023651664, 0.56765070372665305, 1.0)