controversiality_level=0.0
round_weight=True
data: (9045.3999999983171, 46989, 0.275828997982, 0.57319798250654408, 1.0)