controversiality_level=0.23
round_weight=True
data: (204.59999999999911, 963, 0.325898390857, 0.49325025960539981, 1.0)