controversiality_level=0.2
round_weight=True
data: (489.99999999999869, 2285, 0.32338472525, 0.51378555798687087, 1.0)