controversiality_level=0.01
round_weight=True
data: (8608.799999997962, 45309, 0.274102340307, 0.56767971043280585, 1.0)