indegree=10
controversiality_level=0.2
round_weight=True
data: (403.79999999999831, 2010, 0.310896633012, 0.49203980099502487, 1.0)