controversiality_level=0.13
round_weight=True
data: (5154.9999999993388, 28183, 0.274352854366, 0.5291842600149026, 1.0)