controversiality_level=0.04
condition=<function no_observer at 0x2a9b199488>
data: (6442.1827154472521, 46805, 49.446546513194065, 0.88657194744151269, 1)