controversiality_level=0.25
condition=<function no_observer at 0x2a9b199488>
data: (122.03881547174794, 376, 7.7075434365524043, 0.93351063829787229, 1)