controversiality_level=0.1
condition=<function no_observer at 0x2a9b199488>
data: (5434.1094334884183, 37717, 45.065135024058662, 0.91123366121377625, 1)