controversiality_level=0.07
condition=<function no_observer at 0x2a9b199488>
data: (6325.1534009011184, 44858, 48.938161658575176, 0.89975032324223103, 1)