controversiality_level=0.0
condition=<function no_observer at 0x2a9b199488>
data: (6607.9953192980875, 49438, 50.687897629479778, 0.84582709656539501, 1)