controversiality_level=0.27
condition=<function no_observer at 0x2a9b199488>
data: (57.779781614895001, 180, 5.0575425987163296, 0.94999999999999996, 1)