controversiality_level=0.03
condition=<function no_observer at 0x2a9b199488>
data: (6444.6714143847703, 46882, 49.454831215266985, 0.88631031099355828, 1)