controversiality_level=0.17
condition=<function no_observer at 0x2a9b199488>
data: (1773.643455298446, 9075, 26.899090733090841, 0.93829201101928372, 1)