controversiality_level=0.11
condition=<function no_observer at 0x2a9b199488>
data: (5219.5236390551709, 35706, 44.107934989337942, 0.91651263093037583, 1)