controversiality_level=0.14
condition=<function no_observer at 0x2a9b199488>
data: (3716.1498183241783, 22635, 37.618796510010341, 0.93593991605920035, 1)