controversiality_level=0.29
condition=<function no_observer at 0x2a9b199488>
data: (29.521700948435996, 100, 3.1787119316754535, 1.0, 1)