controversiality_level=0.12
condition=<function no_observer at 0x2a9b199488>
data: (4899.9789342943086, 32624, 42.822490026960914, 0.92097842079450709, 1)