controversiality_level=0.24
condition=<function no_observer at 0x2a9b199488>
data: (184.66887748028302, 631, 9.3342653568288938, 0.95245641838351824, 1)