controversiality_level=0.02
condition=<function no_observer at 0x2a9b199488>
data: (6445.9953192980774, 46926, 49.461732340230661, 0.88641691173336745, 1)