controversiality_level=0.19
condition=<function no_observer at 0x2a9b199488>
data: (825.11582730584962, 3644, 18.796114784060734, 0.94072447859495056, 1)