controversiality_level=0.23
condition=<function no_observer at 0x2a9b199488>
data: (284.81573733749582, 1049, 11.100354133087546, 0.96758817921830309, 1)