controversiality_level=0.22
condition=<function no_observer at 0x2a9b199488>
data: (317.4906952086767, 1189, 11.748057670922762, 0.95542472666105971, 1)