controversiality_level=0.2
condition=<function no_observer at 0x2a9b199488>
data: (580.00854894312602, 2423, 15.591177386438055, 0.95542715641766407, 1)