controversiality_level=0.21
condition=<function no_observer at 0x2a9b199488>
data: (402.07486160734379, 1544, 13.186914993864214, 0.95919689119170981, 1)