controversiality_level=0.18
condition=<function no_observer at 0x2a9b199488>
data: (1187.536422183417, 5557, 22.192012642653665, 0.94313478495591141, 1)