controversiality_level=0.05
condition=<function no_observer at 0x2a9b199488>
data: (6421.1532803262508, 46316, 49.327597552038434, 0.89150617497193196, 1)