controversiality_level=0.16
condition=<function no_observer at 0x2a9b199488>
data: (2464.2129343398501, 13218, 31.421232940518699, 0.94023301558480854, 1)