controversiality_level=0.13
condition=<function no_observer at 0x2a9b199488>
data: (4463.0915984338299, 28764, 41.048314815709901, 0.92417605340008346, 1)