controversiality_level=0.28
condition=<function no_observer at 0x2a9b199488>
data: (36.663975003952984, 118, 3.7875213334173941, 0.98305084745762716, 1)