controversiality_level=0.15
condition=<function no_observer at 0x2a9b199488>
data: (2960.5684126483429, 16771, 33.999699265433492, 0.93947886232186517, 1)