controversiality_level=0.08
condition=<function no_observer at 0x2a9b199488>
data: (6204.6193197117682, 43725, 48.396061402774421, 0.90275586049170953, 1)