controversiality_level=0.06
condition=<function no_observer at 0x2a9b199488>
data: (6396.5141187547952, 45706, 49.242370629028819, 0.89603115564696101, 1)