controversiality_level=0.26
condition=<function no_observer at 0x2a9b199488>
data: (77.487039173365986, 250, 5.9093308238424846, 0.93600000000000005, 1)