controversiality_level=0.09
condition=<function no_observer at 0x2a9b199488>
data: (5991.4236568358474, 42005, 47.4220398737937, 0.90748720390429716, 1)