controversiality_level=0.18
round_weight=True
data: (862.20000000002028, 5068, 0.228771124289, 0.64798737174427778, 0.95424590472604032)