controversiality_level=0.09
round_weight=True
data: (3955.5999999991764, 39286, 0.170143277617, 0.40950974902000714, 0.96345889739062196)