controversiality_level=0.08
round_weight=True
data: (4017.7999999991248, 40549, 0.168426998874, 0.404251646156502, 0.96297615654982427)