controversiality_level=0.06
round_weight=True
data: (4085.799999999078, 42418, 0.165656643775, 0.39440803432505067, 0.96209938987048926)