controversiality_level=0.27
round_weight=True
data: (44.199999999999996, 164, 0.299185887237, 0.93292682926829273, 0.94252873563218387)