controversiality_level=0.17
round_weight=True
data: (1283.8000000000898, 8393, 0.216610370076, 0.58739425711902771, 0.95624928791158714)