controversiality_level=0.05
round_weight=True
data: (4096.59999999907, 43020, 0.164657343933, 0.39009762900976291, 0.96243763842591556)