controversiality_level=0.04
round_weight=True
data: (4101.3999999990665, 43493, 0.163832539096, 0.38638401581863746, 0.96249004160396567)