controversiality_level=0.0
round_weight=True
data: (4102.3999999990656, 45195, 0.160731814616, 0.37194379909281999, 0.96182085168869313)