controversiality_level=0.11
round_weight=True
data: (3594.7999999994486, 33901, 0.176498961542, 0.42444175688032804, 0.96515302491103205)