controversiality_level=0.15
round_weight=True
data: (2118.0000000002092, 15567, 0.20156769791, 0.53452816856170104, 0.96033312769895129)