controversiality_level=0.07
round_weight=True
data: (4060.9999999990919, 41610, 0.166900580866, 0.39908675799086757, 0.9622811683356074)