controversiality_level=0.13
round_weight=True
data: (3112.9999999997081, 27171, 0.184828087975, 0.45309337160943652, 0.96409182840719587)