controversiality_level=0.16
round_weight=True
data: (1746.4000000001811, 12199, 0.208043832518, 0.55643905238134272, 0.95776085420428669)