controversiality_level=0.25
round_weight=True
data: (81.000000000000227, 305, 0.310895058991, 0.85901639344262293, 0.93558282208588961)