controversiality_level=0.26
round_weight=True
data: (59.200000000000081, 228, 0.302620137083, 0.86403508771929827, 0.93442622950819676)