controversiality_level=0.19
round_weight=True
data: (609.39999999999634, 3330, 0.23974460886, 0.68528528528528532, 0.94980034227039356)