controversiality_level=0.03
round_weight=True
data: (4102.1999999990658, 43569, 0.163700802297, 0.38580183157749776, 0.96253175742847674)