controversiality_level=0.2
round_weight=True
data: (433.39999999998912, 2178, 0.249038555289, 0.74517906336088158, 0.9531728665207877)