indegree=10
controversiality_level=0.0
round_weight=True
data: (3642.5999999993637, 40039, 0.161504082056, 0.37133794550313443, 0.9676865815931941)