controversiality_level=0.14
round_weight=True
data: (2624.1999999999753, 21247, 0.192361303264, 0.48580976137807691, 0.96340799854901604)