controversiality_level=0.28
round_weight=True
data: (29.999999999999947, 110, 0.29541957835, 0.97272727272727277, 0.9821428571428571)