controversiality_level=0.1
round_weight=True
data: (3704.7999999993654, 35767, 0.174051274867, 0.41591411077249979, 0.96479823047043589)