controversiality_level=0.24
round_weight=True
data: (120.40000000000067, 513, 0.283668532371, 0.80311890838206623, 0.94128440366972477)