controversiality_level=0.02
round_weight=True
data: (4102.3999999990656, 43612, 0.163622883333, 0.38544437310831881, 0.96254607252422253)