controversiality_level=0.21
round_weight=True
data: (286.59999999999627, 1347, 0.260830721315, 0.77579806978470678, 0.9472573839662447)