indegree=10
controversiality_level=0.2
round_weight=True
data: (376.19999999999175, 1933, 0.24178162645, 0.74806001034661151, 0.96169154228855724)