controversiality_level=0.22
round_weight=True
data: (227.79999999999856, 1041, 0.26611373992, 0.78866474543707976, 0.9506849315068493)