controversiality_level=0.23
round_weight=True
data: (205.39999999999907, 916, 0.267855791221, 0.81550218340611358, 0.95119418483904461)