controversiality_level=0.12
round_weight=True
data: (3406.1999999995887, 30917, 0.1803741982, 0.4391111686127373, 0.9648597197515838)