controversiality_level=0.29
round_weight=True
data: (26.799999999999958, 98, 0.291372543634, 0.98979591836734693, 0.97999999999999998)